(1198,0.005592003937660623)
(2959,0.005344683038259796)
(1197,0.005014999575957608)
(2918,0.004610308741178269)
(1291,0.004601809076203299)
(2997,0.004518171526497393)
(1259,0.004461603266808817)
(2329,0.004341756760342584)
(2502,0.004340701099746683)
(1258,0.004292580807598374)
(908,0.0041730621798133525)
(4878,0.0041550304635350165)
(2599,0.00408362256560645)
(1784,0.00404949790935605)
(1230,0.003984821349479455)
(344,0.0038878153963521926)
(1285,0.0038384964638867656)
(5669,0.003816071503368538)
(3911,0.0037806160795700794)
(1407,0.0037561073611908653)
