(318,0.010514662887930936)
(593,0.010057670654547893)
(527,0.009596192257699376)
(608,0.009423491629106983)
(2571,0.009362091962904525)
(1,0.0090378321453112)
(2762,0.008657491270534926)
(2028,0.008545421098247559)
(1704,0.00847155656738779)
(2396,0.007883209149320192)
(1682,0.0078806253316575)
(36,0.00783020576195999)
(17,0.007626546664057102)
(1584,0.007571247101543309)
(1784,0.007533274431433955)
(2291,0.007484614840057906)
(1358,0.007365944846801759)
(497,0.007359122794237004)
(2302,0.007244488335083291)
(515,0.007183658621216909)
