(318,0.005712598642782774)
(356,0.005466692520316714)
(593,0.005431487035055635)
(527,0.004933543425030674)
(608,0.004664892125440165)
(2858,0.004621504378738494)
(50,0.004459727581362873)
(1,0.00438407304350775)
(480,0.004288957582409527)
(1210,0.004287309425354403)
(457,0.004226329454745197)
(4993,0.004103132947529222)
(2028,0.003968450001925056)
(5952,0.003940181415970559)
(595,0.0036165949060233916)
(4226,0.0035534033862932783)
(1617,0.0035469885982638174)
(377,0.0034852972829183997)
(4973,0.0034732332304853518)
(912,0.0034659829628095715)
