(318,0.011111829240140194)
(356,0.010971423168137363)
(296,0.01092710142241277)
(2858,0.01001591345981175)
(2959,0.009860074677582308)
(110,0.00962649030159289)
(2762,0.009586030334688384)
(2028,0.009334702639912665)
(1197,0.009248626418713287)
(1580,0.00897974584621694)
(778,0.008893683737649215)
(1721,0.008546432687480907)
(736,0.00832076544978183)
(44191,0.008297084788531094)
(3949,0.008201947584372642)
(5669,0.008060630899289429)
(8622,0.007894532124393987)
(1235,0.007841204363403374)
(1884,0.007836344049681216)
(247,0.007806921252577082)
