(296,0.010111172149267126)
(457,0.008966473517801058)
(110,0.008788258517849732)
(150,0.008736291779407874)
(47,0.008574839926495386)
(380,0.008247584975426393)
(293,0.007778996547607693)
(165,0.007639537404908738)
(648,0.00763313124339583)
(316,0.007445315383629002)
(10,0.007333939200010725)
(223,0.007317299755865666)
(344,0.0072704272279489855)
(6,0.007231547389516638)
(253,0.007158978986228429)
(231,0.007109443919556735)
(16,0.007012820818449795)
(288,0.006959476976664101)
(555,0.006929155686032983)
(434,0.0068967636013557414)
